0.453786
0.453786
0.453786171926957
0.45378634385391403
0.45378668770782804
0.45378703156174205
0.4537875473426131
0.45378806312348413
0.4537887508313122
0.4537894385391402
0.4537902981745537
0.4537911578093387
0.4537921893717092
0.45379322093345126
0.45379442442277873
0.4537956279114778
0.4537970033277623
0.4537983787434184
0.45379992608665987
0.45380147342927296
0.45380319269947145
0.45380491196904155
0.4538068031661971
0.4538086943627242
0.45381075748683675
0.45381282061032086
0.4538150556613904
0.4538172907118315
0.45381969769048647
0.45382210466788464
0.4538246835734966
0.45382726247785177
0.4538300133104207
0.4538327641417329
0.45383568690125886
0.45383860965952805
0.453841704346011
0.4538447990312372
0.4538480656446772
0.4538513322568604
0.45385477079725745
0.45385820933639764
0.4538618198037517
0.4538654302698489
0.4538692126641599
0.4538729950572141
0.4538769493791106
0.4538809036991218
0.4538850299479753
0.4538891561949435
0.45419193501989547
0.45419623319444913
0.4544991839463581
0.45450365404786874
0.4548067767267347
0.45481141875520237
0.4551147133610253
0.45511952731645
0.45542299384923
0.4554279797316117
0.45534461917057895
0.45534977697991763
0.4552665883458419
0.45527191808213757
0.4551889013750189
0.4551944030382716
0.4551115582581099
0.4551172318483196
0.4550345589951149
0.4550404045122816
0.45495790358603394
0.45496392103015765
0.454881592030867
0.45488778140194774
0.4548056243296141
0.45481198562765185
0.4547300004829036
0.45473653370789835
0.4546547204901071
0.45466142564205886
0.45457978435122465
0.45458666143013343
0.4545051920662562
0.454512241072122
0.4544309436352018
0.4544381645680246
0.4543570390580614
0.4543644319178412
0.454283478334835
0.45429104312157187
0.4542102614655227
0.45421799817921654
0.45413738845012436
0.4541452970907752
0.45406485928926843
0.4540729398568763
0.45406399965448335
0.4540722521490483
0.45406348387361234
0.4540719082951343
0.45406331194665533
